Iteration 1/300 ...
Found a good individual with fitness :1.14537675(best: 1.14537675)
Found a good individual with fitness :1.118034(best: 1.14537675)
Found a good individual with fitness :1.118034(best: 1.14537675)
Found a good individual with fitness :1.14614906667(best: 1.14614906667)
Found a good individual with fitness :1.1523492(best: 1.1523492)
Found a good individual with fitness :1.16902225(best: 1.16902225)
Found a good individual with fitness :1.1591194(best: 1.16902225)
Found a good individual with fitness :1.16666665(best: 1.16902225)
Found a good individual with fitness :1.1591194(best: 1.16902225)
Found a good individual with fitness :1.1591194(best: 1.16902225)
Found a good individual with fitness :1.16902225(best: 1.16902225)
Iteration 11/300 ...
Found a good individual with fitness :1.1830127(best: 1.1830127)
Found a good individual with fitness :1.1850821(best: 1.1850821)
Found a good individual with fitness :1.19185955(best: 1.19185955)
Found a good individual with fitness :1.19185955(best: 1.19185955)
Iteration 21/300 ...
Found a good individual with fitness :1.19185955(best: 1.19185955)
Found a good individual with fitness :1.19185955(best: 1.19185955)
Found a good individual with fitness :1.19185955(best: 1.19185955)
Found a good individual with fitness :1.19185955(best: 1.19185955)
Found a good individual with fitness :1.1956912(best: 1.1956912)
Iteration 31/300 ...
Iteration 41/300 ...
Found a good individual with fitness :1.1956912(best: 1.1956912)
Iteration 51/300 ...
Iteration 61/300 ...
Found a good individual with fitness :1.1956912(best: 1.1956912)
Iteration 71/300 ...
Iteration 81/300 ...
Iteration 91/300 ...
Iteration 101/300 ...
Iteration 111/300 ...
Iteration 121/300 ...
Iteration 131/300 ...
Found a good individual with fitness :1.1956912(best: 1.1956912)
Found a good individual with fitness :1.1956912(best: 1.1956912)
Iteration 141/300 ...
Iteration 151/300 ...
Iteration 161/300 ...
Found a good individual with fitness :1.1956912(best: 1.1956912)
Iteration 171/300 ...
Iteration 181/300 ...
Iteration 191/300 ...
Iteration 201/300 ...
Iteration 211/300 ...
Iteration 221/300 ...
Iteration 231/300 ...
Iteration 241/300 ...
Iteration 251/300 ...
Iteration 261/300 ...
Iteration 271/300 ...
Iteration 281/300 ...
Iteration 291/300 ...
[0 1 1 1 0 0 1 1 1 0]
[1 0 1 1 1 0 1 0 0 0]
[1 1 0 0 0 0 1 1 1 1]
[1 1 0 0 1 1 0 1 0 0]
[0 1 0 1 0 1 1 0 0 1]
[0 0 0 1 1 0 0 1 1 1]
[1 1 1 0 1 0 0 0 1 1]
[1 0 1 1 0 1 0 0 1 1]
[1 0 1 0 0 1 1 1 0 1]
[0 0 1 0 1 1 1 1 1 0]
2.3913824
2
1.1956912
1.1956912
---------------------------------------
[0 0 0 1 1 1 0 1 1 1]
[0 0 1 0 0 0 1 1 1 1]
[0 1 0 1 0 1 1 0 0 1]
[1 0 1 0 1 1 1 0 0 0]
[1 0 0 1 0 1 1 1 1 0]
[1 0 1 1 1 0 0 0 1 1]
[0 1 1 1 1 0 0 1 0 0]
[1 1 0 0 1 0 1 0 1 1]
[1 1 0 0 1 1 0 1 0 1]
[1 1 1 0 0 1 0 1 1 0]
2.3913824
2
1.1956912
1.1956912
---------------------------------------
[0 1 1 1 0 1 0 1 1 0]
[1 0 1 1 1 0 1 0 0 0]
[1 1 0 0 0 0 1 1 1 1]
[1 1 0 0 1 1 0 1 0 0]
[0 1 0 1 0 1 1 0 0 1]
[1 0 0 1 1 0 0 1 1 1]
[0 1 1 0 1 0 0 0 1 1]
[1 0 1 1 0 1 0 0 1 1]
[1 0 1 0 0 1 1 1 0 1]
[0 0 1 0 1 1 1 1 1 0]
2.3913824
2
1.1956912
1.1956912
---------------------------------------
[0 1 1 1 0 0 1 1 1 0]
[1 0 1 1 1 0 1 1 0 0]
[1 1 0 0 0 0 1 1 1 1]
[1 1 0 0 1 1 0 1 0 0]
[0 1 0 1 0 1 1 0 0 1]
[0 0 0 1 1 0 0 1 1 1]
[1 1 1 0 1 0 0 0 1 1]
[1 1 1 1 0 1 0 0 1 0]
[1 0 1 0 0 1 1 1 0 1]
[0 0 1 0 1 1 1 0 1 0]
2.3913824
2
1.1956912
1.1956912
---------------------------------------
[0 1 1 1 0 0 1 1 1 0]
[1 0 1 1 1 0 1 0 0 1]
[1 1 0 0 0 0 1 1 1 1]
[1 1 0 0 1 1 0 1 0 0]
[0 1 0 1 0 1 1 0 0 1]
[0 0 0 1 1 0 0 1 1 1]
[1 1 1 0 1 0 0 0 1 1]
[1 0 1 1 0 1 0 0 1 0]
[1 0 1 0 0 1 1 1 0 1]
[0 1 1 0 1 1 1 0 1 0]
2.3913824
2
1.1956912
1.1956912
---------------------------------------
[0 1 1 1 0 0 0 1 1 0]
[1 0 1 1 1 0 1 0 0 0]
[1 1 0 0 0 0 1 1 1 1]
[1 1 0 0 1 1 0 1 0 0]
[0 1 0 1 0 1 1 0 0 1]
[0 0 0 1 1 0 1 1 1 1]
[0 1 1 0 1 1 0 0 1 1]
[1 0 1 1 0 1 0 0 1 1]
[1 0 1 0 0 1 1 1 0 1]
[0 0 1 0 1 1 1 1 1 0]
2.3913824
2
1.1956912
1.1956912
---------------------------------------
[0 1 1 1 1 1 0 1 1 1]
[1 0 1 0 0 0 1 1 1 1]
[1 1 0 1 0 1 1 0 0 1]
[1 0 1 0 1 1 1 0 0 0]
[1 0 0 1 0 1 1 1 1 0]
[1 0 1 1 1 0 0 0 1 1]
[0 1 1 1 1 0 0 1 0 0]
[1 1 0 0 1 0 1 0 1 1]
[1 1 0 0 1 1 0 1 0 1]
[1 1 1 0 0 1 0 1 1 0]
2.3837191
2
1.19185955
1.19185955
---------------------------------------
[0 1 1 1 1 0 1 1 1 1]
[1 0 0 1 1 1 0 0 1 1]
[1 0 0 1 0 0 1 1 1 1]
[1 1 1 0 1 0 0 0 1 1]
[1 1 0 1 0 1 1 0 1 0]
[0 1 0 0 1 0 1 1 0 1]
[1 0 1 0 1 1 0 1 1 0]
[1 0 1 0 0 1 1 0 0 1]
[1 1 1 1 1 0 1 0 0 0]
[1 1 1 1 0 1 0 1 0 0]
2.3837191
2
1.19185955
1.19185955
---------------------------------------
[0 1 1 1 0 1 1 1 1 0]
[1 0 1 1 1 0 1 0 0 1]
[1 1 0 1 0 0 1 1 1 0]
[1 1 1 0 1 1 0 1 0 0]
[0 1 0 1 0 1 1 0 0 1]
[1 0 0 1 1 0 0 1 1 1]
[1 1 1 0 1 0 0 0 1 1]
[1 0 1 1 0 1 0 0 1 0]
[1 0 1 0 0 1 1 1 0 1]
[0 1 0 0 1 1 1 0 1 0]
2.3837191
2
1.19185955
1.19185955
---------------------------------------
[0 1 1 1 0 0 1 1 1 0]
[1 0 1 1 1 0 1 0 0 0]
[1 1 0 1 0 0 1 1 1 1]
[1 1 1 0 1 1 0 1 0 0]
[0 1 0 1 0 1 1 0 0 1]
[0 0 0 1 1 0 0 1 1 1]
[1 1 1 0 1 0 0 0 1 1]
[1 0 1 1 0 1 0 0 1 1]
[1 0 1 0 0 1 1 1 0 1]
[0 0 1 0 1 1 1 1 1 0]
2.3837191
2
1.19185955
1.19185955
---------------------------------------
[0 0 1 1 0 1 0 1 1 0]
[0 0 1 1 1 0 1 0 0 1]
[1 1 0 1 0 0 1 1 1 0]
[1 1 1 0 1 1 0 1 0 0]
[0 1 0 1 0 1 1 0 0 1]
[1 0 0 1 1 0 0 1 1 1]
[0 1 1 0 1 0 0 0 1 1]
[1 0 1 1 0 1 0 0 1 1]
[1 0 1 0 0 1 1 1 0 1]
[0 1 0 0 1 1 1 1 1 0]
2.3837191
2
1.19185955
1.19185955
---------------------------------------
[0 0 1 1 1 0 1 1 1 0]
[0 0 1 1 0 1 1 0 1 1]
[1 1 0 1 0 0 0 1 0 1]
[1 1 1 0 1 0 0 0 1 1]
[1 0 0 1 0 1 1 1 1 0]
[0 1 0 0 1 0 1 1 1 1]
[1 1 0 0 1 1 0 1 1 0]
[1 0 1 0 1 1 1 0 0 1]
[1 1 0 1 1 1 1 0 0 0]
[0 1 1 1 0 1 0 1 0 0]
2.3837191
2
1.19185955
1.19185955
---------------------------------------
[0 1 1 1 1 0 1 1 1 1]
[1 0 0 1 1 1 0 0 1 1]
[1 0 0 1 0 0 1 1 1 1]
[1 1 1 0 1 0 0 0 1 1]
[1 1 0 1 0 1 1 1 1 0]
[0 1 0 0 1 0 1 1 0 1]
[1 0 1 0 1 1 0 1 1 0]
[1 0 1 0 1 1 1 0 0 1]
[1 1 1 1 1 0 1 0 0 0]
[1 1 1 1 0 1 0 1 0 0]
2.3701642
2
1.1850821
1.1850821
---------------------------------------
[0 0 1 1 1 0 1 1 1 0]
[0 0 1 1 1 1 1 0 1 1]
[1 1 0 1 0 0 1 1 0 1]
[1 1 1 0 1 0 0 0 1 1]
[1 1 0 1 0 1 1 1 1 0]
[0 1 0 0 1 0 1 1 1 1]
[1 1 1 0 1 1 0 1 1 0]
[1 0 1 0 1 1 1 0 0 1]
[1 1 0 1 1 1 1 0 0 0]
[0 1 1 1 0 1 0 1 0 0]
2.3660254
2
1.1830127
1.1830127
---------------------------------------
[0 1 0 1 1 1 1 0 0 1]
[1 0 1 0 0 1 1 0 1 1]
[0 1 0 1 0 1 0 1 1 0]
[1 0 1 0 1 1 0 1 0 0]
[1 0 0 1 0 0 1 1 1 1]
[1 1 1 1 0 0 1 1 1 0]
[1 1 0 0 1 1 0 1 1 1]
[0 0 1 1 1 1 1 0 1 0]
[0 1 1 0 1 1 1 1 0 1]
[1 1 0 0 1 0 1 0 1 0]
2.3380445
2
1.16902225
1.16902225
---------------------------------------
[0 1 1 1 0 1 1 1 1 0]
[1 0 1 1 1 0 1 0 0 1]
[1 1 0 1 0 0 1 1 1 0]
[1 1 1 0 1 1 0 1 0 1]
[0 1 0 1 0 1 1 0 0 1]
[1 0 0 1 1 0 0 1 1 1]
[1 1 1 0 1 0 0 0 1 1]
[1 0 1 1 0 1 0 0 1 1]
[1 0 1 0 0 1 1 1 0 1]
[0 1 0 1 1 1 1 1 1 0]
2.3380445
2
1.16902225
1.16902225
---------------------------------------
[0 1 0 1 1 1 1 0 0 1]
[1 0 1 0 0 1 1 0 1 1]
[0 1 0 1 0 1 0 1 1 0]
[1 0 1 0 1 1 0 1 0 1]
[1 0 0 1 0 0 1 1 1 1]
[1 1 1 1 0 0 1 1 1 0]
[1 1 0 0 1 1 0 1 1 1]
[0 0 1 1 1 1 1 0 1 0]
[0 1 1 0 1 1 1 1 0 1]
[1 1 0 1 1 0 1 0 1 0]
2.3333333
2
1.16666665
1.16666665
---------------------------------------
[0 1 1 1 1 0 1 1 1 1]
[1 0 0 1 1 1 1 0 1 1]
[1 0 0 1 0 0 1 1 1 1]
[1 1 1 0 1 0 0 0 1 1]
[1 1 0 1 0 1 1 1 1 0]
[0 1 0 0 1 0 1 1 0 1]
[1 1 1 0 1 1 0 1 1 0]
[1 0 1 0 1 1 1 0 0 1]
[1 1 1 1 1 0 1 0 0 0]
[1 1 1 1 0 1 0 1 0 0]
2.3182388
2
1.1591194
1.1591194
---------------------------------------
[0 1 1 1 1 1 1 1 1 1]
[1 0 1 1 0 0 1 1 1 1]
[1 1 0 1 0 1 1 0 0 1]
[1 1 1 0 1 1 1 0 0 0]
[1 0 0 1 0 1 1 1 1 0]
[1 0 1 1 1 0 0 0 1 1]
[1 1 1 1 1 0 0 1 0 1]
[1 1 0 0 1 0 1 0 1 1]
[1 1 0 0 1 1 0 1 0 1]
[1 1 1 0 0 1 1 1 1 0]
2.3182388
2
1.1591194
1.1591194
---------------------------------------
[0 1 1 1 1 1 0 1 1 1]
[1 0 1 1 0 0 1 1 1 1]
[1 1 0 1 0 1 1 0 0 1]
[1 1 1 0 1 1 1 0 0 0]
[1 0 0 1 0 1 1 1 1 0]
[1 0 1 1 1 0 0 0 1 1]
[0 1 1 1 1 0 0 1 0 1]
[1 1 0 0 1 0 1 0 1 1]
[1 1 0 0 1 1 0 1 0 1]
[1 1 1 0 0 1 1 1 1 0]
2.3182388
2
1.1591194
1.1591194
---------------------------------------
[0 1 1 0 0 1 1 1 1 0]
[1 0 1 1 1 0 1 1 0 1]
[1 1 0 1 0 0 1 1 1 0]
[0 1 1 0 1 1 0 1 0 1]
[0 1 0 1 0 1 1 0 1 1]
[1 0 0 1 1 0 0 1 1 1]
[1 1 1 0 1 0 0 0 1 1]
[1 1 1 1 0 1 0 0 1 1]
[1 0 1 0 1 1 1 1 0 0]
[0 1 0 1 1 1 1 1 0 0]
2.3046984
2
1.1523492
1.1523492
---------------------------------------
[0 0 0 0 0 0 1 1 0 1]
[0 0 1 1 1 0 0 1 0 0]
[0 1 0 1 1 0 0 1 0 1]
[0 1 1 0 1 0 1 0 0 1]
[0 1 1 1 0 1 0 1 1 0]
[0 0 0 0 1 0 0 1 1 1]
[1 0 0 1 0 0 0 0 1 0]
[1 1 1 0 1 1 0 0 0 0]
[0 0 0 0 1 1 1 0 0 0]
[1 0 1 1 0 1 0 0 0 0]
3.4384472
3
1.14614906667
1.14614906667
---------------------------------------
[0 1 1 1 0 1 1 1 1 0]
[1 0 1 1 1 0 1 1 0 1]
[1 1 0 1 0 0 1 1 1 0]
[1 1 1 0 1 1 0 1 0 1]
[0 1 0 1 0 1 1 0 1 1]
[1 0 0 1 1 0 0 1 1 1]
[1 1 1 0 1 0 0 0 1 1]
[1 1 1 1 0 1 0 0 1 1]
[1 0 1 0 1 1 1 1 0 0]
[0 1 0 1 1 1 1 1 0 0]
2.2907535
2
1.14537675
1.14537675
---------------------------------------
[0 0 1 1 0 1 1 1 0 1]
[0 0 1 1 1 0 1 1 1 1]
[1 1 0 1 1 1 1 1 1 1]
[1 1 1 0 0 0 1 1 1 1]
[0 1 1 0 0 1 0 1 1 1]
[1 0 1 0 1 0 1 1 0 1]
[1 1 1 1 0 1 0 1 1 1]
[1 1 1 1 1 1 1 0 1 0]
[0 1 1 1 1 0 1 1 0 0]
[1 1 1 1 1 1 1 0 0 0]
2.236068
2
1.118034
1.118034
---------------------------------------
[0 1 1 1 0 1 0 1 1 1]
[1 0 0 1 1 1 0 1 1 1]
[1 0 0 1 0 1 1 1 1 0]
[1 1 1 0 0 1 1 1 1 1]
[0 1 0 0 0 0 1 0 1 1]
[1 1 1 1 0 0 1 1 0 1]
[0 0 1 1 1 1 0 1 1 0]
[1 1 1 1 0 1 1 0 1 1]
[1 1 1 1 1 0 1 1 0 1]
[1 1 0 1 1 1 0 1 1 0]
2.236068
2
1.118034
1.118034
---------------------------------------
